18473868684
13508445424
15243814394
13115804586
17071564613
17190644696
17096762042
13022647615
17196584093
17093504086
17098571042
15873877244
13116803439
17098022402
17086432025
17054745633
17184182439
18474770430
13184400506
13628980045
15197447487
17096580435
17055784267
13136295346
17074580624
15211888564
13487942170
13235806184
15584295974
13175804220
17089135140
17077603364
15173432780
18426331074
15111591412
15584119634
13184403674
13628980034
17074574061
18929143389
18474732410
17071308452
15883623942
17134425802
17164512408
13086806574
15567095884
15883841485
18216474471
17072429684
13175814724
15543495674
13174423664
18474735287
13186789364
17169061740
15604309834
17089184502
13039140744
18374116894
17032349335
17154923435
15273840374
13175738453
13024684283
15717582446
15243838664
15643647044
13175813746
18925445072
13602261362
13235807994
18216463863
13047890997
15892471324
15273849134
17130145784
15584476044
17030041864
18474734796
13105846982
17097874719
15080841174
15568887854
18473826414
15892488468
13216594120
18473823734
18524913313
13134487344
13233085845
